d:0422  time:[2013-11-19 02:34:58]  level:INFO  method:POST uri:/api/v1/textdata  reqtime:3.9726677258569842  foobar:LFK6XV1N
id:0423  time:[2013-11-19 02:34:58]  level:DEBUG method:GET  uri:/api/v1/people    reqtime:0.49912949125272277 foobar:DcOYrONH
id:0424  time:[2013-11-19 02:34:58]  level:WARN  method:POST uri:/api/v1/textdata  reqtime:2.930590441869852   foobar:XEZ5bQsh